0 0.9442905186489574 0.6244790854747196 0.08997188378631682 0.3781155293473357
0 0.8723130802630038 0.5114091627463405 0.15745079662605432 0.5094225109529351
0 0.7875895620844805 0.5752389267907339 0.15895036234404292 0.5203647323654776
0 0.684871598505594 0.5132328431254486 0.1589503051414597 0.5227963525835867
0 0.6417600994592755 0.6433240378116425 0.1567010423683517 0.442553210041081
0 0.5829034749882849 0.46338483736105834 0.12895967721268742 0.6784194899909765
0 0.47043862025538896 0.6013787629716325 0.15595128811064907 0.572644404727275
0 0.38009185934022083 0.5308620317326151 0.1522024024169693 0.524012139502992
0 0.28187255001336253 0.5849653612838714 0.13870662556928012 0.5155014919292601
0 0.23501220817530166 0.711409148832551 0.08547330103751757 0.3574467806830595
0 0.1877769606070979 0.7035064410978198 0.07797561545403292 0.3173252557911046
0 0.16715840390606695 0.5436279799035642 0.15670101376706014 0.5373859811336437
0 0.09480600258738724 0.6372449872663704 0.17094657347374356 0.39878418525301573