0 0.7827067669172932 0.2554806070826307 0.2 0.5109612141652614
0 0.8150375939849624 0.33979763912310285 0.21503759398496242 0.6795952782462057
0 0.9184859848099981 0.6032920143375455 0.1592664092664093 0.6125541125541126
0 0.9268791435937817 0.8251534861990174 0.14323419401544407 0.34199134199134196
0 0.8069994983235115 0.5919283779739092 0.32239382239382236 0.8084415584415584
0 0.656390977443609 0.24957841483979765 0.1368421052631579 0.4991568296795953
0 0.6071925485165617 0.34409288013841133 0.1911196911196911 0.6785714285714286
0 0.4276558689798821 0.27266430870983993 0.16602316602316605 0.5443722943722943
0 0.4397215060455192 0.32298898403451526 0.19594594594594597 0.6298701298701299
0 0.4257253670493802 0.42580283684836806 0.2528957528957529 0.6883116883116883
0 0.5594126257366389 0.5740712351167664 0.2982625482625482 0.8073593073593073
0 0.23157894736842105 0.19983136593591905 0.16541353383458646 0.3996627318718381
0 0.29097744360902256 0.2639123102866779 0.20601503759398496 0.5278246205733558
0 0.25680644813046133 0.3549153909609221 0.2277992277992278 0.6893939393939394
0 0.0849624060150376 0.33136593591905567 0.1699248120300752 0.5666104553119731
0 0.2042002705242837 0.5037249147704459 0.30984555984555984 0.70995670995671
0 0.17067669172932332 0.6037099494097807 0.34135338345864663 0.7841483979763912