0 0.9483036124511831 0.5123561751089325 0.10130944176430047 0.6286764705882353
0 0.8473387606248565 0.5239983319716776 0.11578221915920052 0.6299019607843137
0 0.7298335917757868 0.5215473515795207 0.1467953135768435 0.6666666666666666
0 0.6026799046634506 0.539316959422658 0.12956581667815298 0.6727941176470589
0 0.4924111245118309 0.5552483319716776 0.13507925568573398 0.6825980392156861
0 0.3786964449804733 0.5675032339324618 0.15575465196416266 0.6825980392156861
0 0.2511981679301631 0.5846600966775598 0.1585113714679531 0.6850490196078431
0 0.09234220652423615 0.6183036322167755 0.14403859407305308 0.7449831495098038
0 0.9159121582816449 0.5748561751089325 0.166092350103377 0.741421568627451
0 0.8018528888123134 0.5846600966775599 0.1681598897312199 0.741421568627451
0 0.6722870721341605 0.6005914692265795 0.1474844934527912 0.761029411764706
0 0.5365186365724788 0.6219801028050108 0.14472777394900066 0.7523360906862745
0 0.393858402251321 0.6268246187363834 0.14610613370089595 0.7377450980392156
0 0.23431326096944638 0.6318414692265795 0.1674707098552722 0.7303921568627452
0 0.08177083333333333 0.6444444444444445 0.16354166666666667 0.7037037037037037