0 0.9252450980392157 0.34532374100719426 0.14460784313725492 0.6906474820143885
0 0.696078431372549 0.38848920863309355 0.20833333333333334 0.7769784172661871
0 0.8296568627450981 0.3902877697841727 0.14460784313725492 0.7805755395683454
0 0.06985294117647059 0.5071942446043165 0.13970588235294118 0.935251798561151
0 0.11397058823529412 0.6097122302158273 0.22794117647058823 0.7733812949640287
0 0.16572518111226792 0.506684262979227 0.18362831858407083 0.9794372294372296
0 0.22426470588235295 0.4676258992805755 0.20098039215686275 0.935251798561151
0 0.28113816046330037 0.5515976828926469 0.2817109144542773 0.8896103896103895
0 0.35294117647058826 0.4982014388489209 0.17647058823529413 0.9964028776978417
0 0.46992872093527677 0.5256236569186211 0.23598820058997053 0.9415584415584417
0 0.7267156862745098 0.44964028776978415 0.17647058823529413 0.8992805755395683
0 0.6017156862745098 0.4982014388489209 0.19852941176470587 0.9964028776978417