0 0.9452674071760854 0.6254426188678175 0.08683666436940041 0.38590604026845626
0 0.8691130308838733 0.5119079432526049 0.16747070985527224 0.5123042505592842
0 0.7888235753359751 0.5801406054449988 0.1626464507236388 0.505592841163311
0 0.6820006945640937 0.5130265114852672 0.17505168849069608 0.5167785234899328
0 0.6437512114490007 0.6433397105904125 0.16195727084769118 0.43959731543624164
0 0.5868938716833219 0.4626909410154685 0.14059269469331492 0.6756152125279643
0 0.4704224726481736 0.599156265400256 0.15851137146795308 0.5682326621923937
0 0.37807236927119225 0.5320421714405243 0.1557546519641626 0.5324384787472036
0 0.2860668558321847 0.5896484354226273 0.1633356305995865 0.5156599552572706
0 0.23472295507408686 0.7166059298297861 0.08959338387319093 0.3736017897091723
0 0.1871695436337009 0.7070980998521575 0.08270158511371467 0.3232662192393736
0 0.09344108050482428 0.6394247217760949 0.17091660923501034 0.39373601789709173
0 0.1751088958046175 0.5337200237895177 0.16057891109579597 0.5201342281879194