0 0.8473454692364362 0.7989108224856011 0.08407994486560985 0.39401508972267535
0 0.7539615960455334 0.7752566626161067 0.08890420399724333 0.441323409461664
0 0.6316321680648304 0.7271326821919633 0.16815988973121979 0.5375713703099511
0 0.44658737137289384 0.6361610264007724 0.08476912474155751 0.6329526916802611
0 0.5158499489056299 0.6443176332523222 0.10889042039972427 0.600326264274062
0 0.07511941823712541 0.7760723233012617 0.11509303928325293 0.439692088091354
0 0.18814491789253546 0.6553545418983254 0.16884906960716745 0.6811276508972267
0 0.06810344827586207 0.6040816326530613 0.13620689655172413 0.7836734693877551
0 0.1960704864659331 0.48689512101741184 0.1516195727084769 0.9086460032626428
0 0.28049502126951686 0.6206634733828279 0.14679531357684356 0.6965742251223491
0 0.33011597233774564 0.603152258048407 0.13990351481736735 0.7855322185970637
0 0.3514805484921219 0.5113649415720612 0.1426602343211578 0.8597063621533443
0 0.5775315478029421 0.5643828861071345 0.13301171605789108 0.7406199021207177
0 0.6815977090710331 0.5505166544594999 0.10268780151619576 0.7455138662316476
0 0.7577520853632452 0.5868390443453075 0.15575465196416258 0.8181586460032627
0 0.896966420304665 0.6153871683257317 0.1516195727084769 0.7610623980424144