0 0.8596819256393724 0.8254590739986277 0.19011667810569666 0.33784589694656486
0 0.6795172036078008 0.7071384633116047 0.19080301990391207 0.5744871183206107
0 0.6019605804094479 0.6699247228535895 0.1853122855181881 0.6489145992366412
0 0.4962639434842592 0.629848386975727 0.1757035003431709 0.7290672709923663
0 0.2961953093044376 0.7214514404108415 0.1352093342484557 0.5458611641221374
0 0.34252338068398464 0.5182071656016811 0.24433768016472202 0.952349713740458
0 0.17814452001136968 0.5745048755253452 0.2436513383665065 0.8397542938931297
0 0.08080808080808081 0.6320224719101124 0.16161616161616163 0.7247191011235955
0 0.6688789057354603 0.5048185682734369 0.15991763898421416 0.4942748091603054
0 0.7711438336695714 0.5668712877390857 0.2189430336307481 0.8550214694656488
0 0.8857629139715617 0.6794667075864139 0.2216884008236101 0.6298306297709924