0 0.7534635748602804 0.8707128951035382 0.23610157858613587 0.24645299767171128
0 0.7695926071183449 0.8072670278159947 0.18874399450926557 0.37334473224679865
0 0.787780664771056 0.6444596209475429 0.19080301990391219 0.5343422584400466
0 0.8069982351210903 0.5303734742653543 0.15099519560741248 0.45052386495925495
0 0.8282748308657711 0.45295787473101207 0.1386410432395333 0.45867287543655416
0 0.9631409942151192 0.32431992362507495 0.06657515442690465 0.3946449359720605
0 0.9164697519364643 0.2859031599463788 0.1365820178448867 0.41559953434225844
0 0.822784096480047 0.17530944632588988 0.09746053534660258 0.3131548311990687
0 0.779201392293362 0.3097681192013264 0.11599176389842145 0.36321303841676367
0 0.6975267183057162 0.28299279906162905 0.09402882635552509 0.3003492433061699
0 0.6223722914011176 0.2800824381768794 0.0892244337680165 0.3178114086146682
0 0.5561403078733209 0.2597099119836314 0.091283459162663 0.28172293364377177
0 0.48441758995979994 0.24457603538293296 0.08373369938229241 0.2607683352735739
0 0.5942322776742817 0.8509224410872404 0.16060398078242966 0.28603390570430737
0 0.4693180703990587 0.8299678427170424 0.14962251201098148 0.3279431024447031
0 0.506723698401804 0.7769992746145976 0.1310912834591626 0.4338802386495925
0 0.6168815570153937 0.7903869346844463 0.1400137268359643 0.40710491850989516
0 0.4202446318266497 0.7618653980138991 0.12697323266986962 0.46414799185098954
0 0.37906412393371897 0.8002821616925954 0.12422786547700758 0.3873144644935972
0 0.34131532503186585 0.6933536838113381 0.13109128345916266 0.42258440046565776
0 0.1800250024512207 0.7585457676297315 0.18462594371997254 0.44586728754365534
0 0.24865918227277187 0.6607576419021414 0.13520933424845574 0.4109429569266589
0 0.0973208157662516 0.6462058374783928 0.1276595744680851 0.39115250291036086
0 0.3811231493283655 0.3289765010406745 0.08716540837336996 0.320139697322468
0 0.044642857142857144 0.5363636363636364 0.08928571428571429 0.3333333333333333
0 0.0375 0.2606060606060606 0.075 0.24848484848484848
0 0.06437640945190704 0.15959349754824143 0.10157858613589565 0.3119906868451688
0 0.10357142857142858 0.14545454545454545 0.10714285714285714 0.2909090909090909