0 0.9434259894760925 0.8250305263424007 0.10981468771448173 0.30580645161290315
0 0.8566037520018301 0.7805143973101427 0.13109128345916266 0.37935483870967746
0 0.7927739647677877 0.5540627844069168 0.14893617021276592 0.8116129032258064
0 0.48151795927705326 0.7347079456972394 0.16472203157172274 0.47354838709677427
0 0.37582132235186455 0.707611171503691 0.14275909402882633 0.49935483870967745
0 0.2412983299016243 0.7566434295682072 0.1331503088538092 0.41161290322580657
0 0.13422900938000457 0.7998692360198201 0.09608785175017158 0.3148387096774194
0 0.05941775337451383 0.8198692360198201 0.09746053534660261 0.2980645161290322
0 0.1658007320979181 0.6159982682778845 0.10295126973232671 0.5045161290322581
0 0.3229730038892702 0.5689014940843361 0.1413864104323953 0.6193548387096773
0 0.5992255776710135 0.632127300535949 0.26286890871654084 0.6735483870967742
0 0.5443182338137726 0.44890149408433616 0.17364447494852442 0.8103225806451613