0 0.9189995138412262 0.5722716237579043 0.15991763898421413 0.7439024390243903
0 0.798546528254404 0.5875155261969286 0.16472203157172274 0.7499999999999999
0 0.666425732097918 0.5997106481481481 0.15854495538778307 0.7646341463414634
0 0.5322459105467856 0.617526959123758 0.1592312971859986 0.7612423780487804
0 0.3888004747197437 0.6291123249774164 0.1633493479752917 0.7380716463414634
0 0.2477572351864562 0.6364293981481481 0.1942347288949897 0.7234375
0 0.0984375 0.6435185185185185 0.196875 0.7092592592592593
0 0.8604166666666667 0.05925925925925926 0.025 0.11851851851851852
0 0.8395833333333333 0.05462962962962963 0.027083333333333334 0.10925925925925926
0 0.8215389784946238 0.049100892050587173 0.02539464653397386 0.0902439024390244
0 0.8036940917410204 0.03812528229448962 0.01990391214824984 0.07073170731707316
0 0.7879082303820636 0.03873503839205058 0.02264927934111185 0.07439024390243902
0 0.7666316346373828 0.042393574977416436 0.03363074811256001 0.08170731707317073
0 0.743982355296271 0.038735038392050586 0.026767330130404925 0.07682926829268294
0 0.7257942976435598 0.03934479448961156 0.02333562113932738 0.07073170731707316
0 0.887084620224205 0.026539916440831077 0 0.003658536585365855
0 0.9570914836421871 0.07044235546522132 0.030199039121482467 0.09634146341463413
0 0.9828293010752688 0.07288137985546522 0.026767330130404925 0.09634146341463416
0 0.09401667238618165 0.18934479448961158 0.055593685655456415 0.20975609756097563