0 0.26753201219512196 0.36133658008658004 0.1051829268292683 0.20887445887445885
0 0.3620442073170732 0.3391504329004329 0.14176829268292682 0.2532467532467533
0 0.3833856707317073 0.22930194805194803 0.1173780487804878 0.3279220779220779
0 0.47789786585365857 0.22659632034632035 0.17835365853658533 0.3268398268398268
0 0.608233231707317 0.24499458874458876 0.20731707317073164 0.4177489177489177
0 0.7820137195121951 0.25311147186147187 0.274390243902439 0.43398268398268397
0 0.9405503048780488 0.36079545454545453 0.10975609756097561 0.3116883116883116
0 0.8638544207317073 0.7357954545454546 0.26429115853658536 0.5227272727272727
0 0.5038125 0.7487824675324675 0.21189024390243907 0.4318181818181818
0 0.3864344512195122 0.7487824675324675 0.19664634146341467 0.33441558441558433
0 0.24695274390243901 0.6811417748917749 0.20426829268292682 0.4004329004329003
0 0.12423932926829268 0.6665313852813852 0.18140243902439024 0.3863636363636363
0 0.6768307926829268 0.735254329004329 0.25 0.5238095238095238