0 0.10873376623376624 0.37333333333333335 0.06331168831168832 0.20454545454545459
0 0.17772727272727273 0.38848484848484854 0.047077922077922094 0.13095238095238096
0 0.24185064935064937 0.3695454545454545 0.08766233766233768 0.1688311688311688
0 0.46303571428571433 0.35709956709956714 0.059253246753246745 0.13311688311688313
0 0.5486688311688311 0.3495238095238095 0.04220779220779221 0.11580086580086577
0 0.6071103896103897 0.343030303030303 0.05357142857142854 0.09199134199134197
0 0.6777272727272728 0.31705627705627704 0.05357142857142861 0.08982683982683985
0 0.7361688311688311 0.3251731601731602 0.04383116883116884 0.08658008658008659
0 0.7844642857142855 0.3143506493506493 0.04464285714285708 0.0779220779220779
0 0.8307305194805196 0.31976190476190475 0.03814935064935071 0.07359307359307361
0 0.8843019480519481 0.3121861471861472 0.02191558441558442 0.05627705627705628
0 0.8627922077922078 0.31002164502164503 0.03733766233766232 0.07142857142857144