0 0.9338392213410238 0.6702017494700422 0.12982155731795245 0.25974025974025977
0 0.9334787310742609 0.5268034810717738 0.13054253785147807 0.26948051948051943
0 0.8649630497476568 0.5511541304224231 0.15356885364095163 0.26406926406926406
0 0.8191807858687815 0.576045905314198 0.1687094448449892 0.33766233766233766
0 0.8029587238644555 0.7719333512016439 0.17808219178082182 0.2857142857142857
0 0.7041843907714491 0.6296173338856266 0.10742609949531357 0.2911255411255411
0 0.6555182047584716 0.5105697148380075 0.13410237923576063 0.27813852813852813
0 0.6569601658255226 0.6815653858336785 0.1946647440519106 0.3625541125541125
0 0.5452081831290555 0.5430372473055399 0.08507570295602022 0.2997835497835498
0 0.5138455299206921 0.6956346499029427 0.14780100937274696 0.2305194805194805
0 0.4370611031002163 0.6025610568293495 0.0966113914924297 0.3560606060606061
0 0.115 0.7317073170731707 0.23 0.22326454033771106
0 0.28601568132660415 0.6664138706821634 0.1377072819033886 0.35606060606060613
0 0.39163932948810376 0.5944441737124664 0.25234318673395817 0.22943722943722944
0 0.24419881038211969 0.5998554291237217 0.1377072819033886 0.25324675324675316
0 0.13677271088680606 0.5884917927600855 0.22566690699351113 0.2867965367965368
0 0.0675 0.5487804878048781 0.135 0.2701688555347092