0 0.11334084354722421 0.5165220957903884 0.0562364816149964 0.15367965367965367
0 0.13965663302090842 0.5100285892968819 0.07426099495313628 0.20562770562770566
0 0.9378046142754145 0.5527775070457998 0.12189077144917093 0.6287878787878788
0 0.6605650684931507 0.6355697148380075 0.1860129776496035 0.5606060606060606
0 0.7950279379956742 0.6215004507687435 0.3165104542177361 0.6688311688311688
0 0.7326631218457103 0.5278857321540248 0.144196106705119 0.5422077922077921
0 0.6003631939437635 0.5484485027167953 0.12761355443403033 0.45779220779220775
0 0.503391312184571 0.564141143409436 0.13987022350396536 0.3917748917748918
0 0.44499188896899783 0.54790737717567 0.09516943042537854 0.2943722943722944
0 0.3952442321557318 0.5392493685176613 0.09228550829127613 0.28138528138528135
0 0.33972873107426094 0.5538597581280508 0.10382119682768569 0.31709956709956705
0 0.26474675558759914 0.5554831347514274 0.08363374188896898 0.277056277056277
0 0.21572007930785866 0.5154398447081374 0.05912040374909875 0.19913419913419916