0 0.855590302811824 0.6150069442752368 0.09877433309300657 0.3419913419913419
0 0.9042564888248017 0.6247472040154967 0.13987022350396544 0.3852813852813852
0 0.943932948810382 0.5727991520674447 0.10963410237923582 0.4199134199134199
0 0.7733985219899062 0.6539679832362759 0.21413121845710165 0.44805194805194803
0 0.7344655731795241 0.6047255589938517 0.18673395818312913 0.43398268398268397
0 0.6493898702235039 0.6236649529332455 0.12472963229992785 0.3939393939393939
0 0.6090149603460706 0.6366519659202585 0.28334534967555874 0.422077922077922
0 0.563953677000721 0.5652233944916871 0.15717375630857966 0.422077922077922
0 0.4421079668348954 0.589032918301211 0.10093727469358328 0.41558441558441556
0 0.396686193222783 0.6312407105090032 0.1384282624369142 0.42207792207792205
0 0.30331921413121843 0.6355697148380075 0.12328767123287669 0.40476190476190477
0 0.23410508291276133 0.6247472040154967 0.21268925739005048 0.3917748917748918
0 0.09567682047584712 0.642063221331514 0.18961788031723142 0.4891774891774891