0 0.6417949406118559 0.6579247835497836 0.092814371257485 0.1482683982683983
0 0.5706871561807181 0.6579247835497836 0.08233532934131733 0.1374458874458874
0 0.4905973358214367 0.6627949134199135 0.08083832335329338 0.13636363636363633
0 0.6066152998932929 0.6027299783549784 0.07634730538922152 0.11580086580086586
0 0.5504775753423947 0.6070589826839827 0.07185628742514967 0.1222943722943723
0 0.4876033238453888 0.6000243506493507 0.07185628742514967 0.12554112554112556
0 0.5609566172585624 0.5307602813852814 0.07185628742514967 0.11904761904761905
0 0.5078129046837121 0.5361715367965368 0.06736526946107782 0.12121212121212124
0 0.4614057190549697 0.559439935064935 0.06736526946107782 0.12445887445887444
0 0.4090105094741313 0.5226433982683983 0.07035928143712578 0.1287878787878788
0 0.44868116815676606 0.5129031385281385 0.05988023952095806 0.12445887445887444
0 0.49209434180946066 0.5020806277056278 0.05988023952095806 0.1287878787878788
0 0.7757769765399996 0.6898511904761904 0.22005988023952086 0.3463203463203463