0 0.880913900913901 0.45776334776334776 0.20057720057720063 0.36580086580086585
0 0.7394997594997595 0.46425685425685426 0.1255411255411256 0.34848484848484856
0 0.8224723424723425 0.8511616161616161 0.17893217893217894 0.2954545454545454
0 0.6435401635401635 0.8646897546897546 0.20490620490620484 0.2683982683982684
0 0.48120250120250113 0.8625252525252525 0.19191919191919185 0.27272727272727276
0 0.3672053872053872 0.87010101010101 0.17460317460317465 0.2575757575757576
0 0.8451851851851852 0.10055555555555555 0.19703703703703704 0.2011111111111111
0 0.6711111111111111 0.10944444444444444 0.21333333333333335 0.21888888888888888
0 0.522962962962963 0.11388888888888889 0.15407407407407409 0.22777777777777777
0 0.37037037037037035 0.11888888888888889 0.18666666666666668 0.23777777777777778
0 0.4977970177970178 0.42313131313131314 0.6204906204906205 0.6991341991341992