0 0.9219430425378515 0.570093524361817 0.15361391492429705 0.856060606060606
0 0.8451360850757029 0.622041576309869 0.21485219899062727 0.7521645021645021
0 0.7676306777217015 0.6555913598596526 0.4203316510454218 0.6850649350649352
0 0.4258859048305696 0.7697688490371417 0.3093006488824802 0.4567099567099567
0 0.2366285147801009 0.7113272905955833 0.23792357606344625 0.5735930735930735
0 0.6108174116798846 0.609054563322856 0.2220620043258832 0.7781385281385281
0 0.700939978370584 0.5327558620241547 0.17303532804614272 0.9307359307359307
0 0.521055335255948 0.43860001786831054 0.1506849315068493 0.8701298701298701
0 0.3804641312184571 0.5121930914613841 0.1492429704397981 0.7619047619047619
0 0.21499909877433307 0.4434701477384404 0.16005767844268198 0.8647186147186147
0 0.08625 0.4371482176360225 0.1725 0.8142589118198874