0 0.9572710886806055 0.7102450395133322 0.08295782263878877 0.5757575757575758
0 0.8570322638788752 0.5522363815046741 0.1982696467195386 0.8917748917748918
0 0.7604208723864455 0.7968251260934187 0.3540014419610671 0.40259740259740256
0 0.44787581110310015 0.8888164680847607 0.3201153568853641 0.21861471861471865
0 0.6922882119682768 0.6712840005522932 0.2638788752703676 0.6536796536796536
0 0.2521295962509012 0.7584052126735054 0.277577505407354 0.47943722943722944
0 0.43561914203316504 0.576045905314198 0.2840663302090843 0.8203463203463204
0 0.6508318312905551 0.46132729059558325 0.1751982696467195 0.8658008658008658
0 0.4925 0.3893058161350844 0.14 0.7786116322701688
0 0.3829875630857967 0.27139222566051835 0.1427541456380678 0.5400432900432901
0 0.27875 0.4343339587242026 0.23375 0.8686679174484052
0 0.1375 0.41932457786116323 0.275 0.8386491557223265