0 0.761737012987013 0.964659090909091 0.33874458874458874 0.06818181818181814
0 0.3975595238095238 0.9581655844155844 0.4047619047619048 0.08116883116883117
0 0.775806277056277 0.9110876623376624 0.40151515151515144 0.11688311688311685
0 0.5149837662337662 0.8818668831168831 0.25865800865800864 0.14502164502164505
0 0.24875 0.9392261904761905 0.2781385281385282 0.07359307359307365
0 0.22331709956709958 0.8889015151515153 0.28354978354978355 0.10930735930735935
0 0.19950757575757574 0.8650919913419913 0.2943722943722944 0.15476190476190482
0 0.41379329004329 0.8510227272727272 0.20562770562770563 0.16991341991341982
0 0.636737012987013 0.8813257575757576 0.17965367965367968 0.1785714285714286
0 0.7460443722943723 0.8445292207792207 0.19913419913419916 0.2002164502164503
0 0.8337067099567099 0.7579491341991341 0.21212121212121204 0.4166666666666666
0 0.6951785714285714 0.7200703463203463 0.17316017316017324 0.3885281385281385
0 0.8602218614718615 0.6556764069264069 0.21320346320346317 0.4761904761904762
0 0.6735335497835498 0.6269967532467533 0.17748917748917747 0.4448051948051949
0 0.5799188311688311 0.6145508658008658 0.2521645021645022 0.5930735930735931
0 0.4072997835497836 0.6903084415584415 0.28354978354978355 0.41125541125541126
0 0.4592478354978355 0.6453950216450215 0.16883116883116883 0.4859307359307358
0 0.2108712121212121 0.6637932900432901 0.18722943722943725 0.5119047619047619
0 0.25903138528138525 0.6502651515151515 0.18831168831168835 0.5064935064935066