0 0.7307691555903049 0.7253254242873619 0.3557466770914776 0.396103896103896
0 0.8586217259577795 0.5646111385730762 0.28150654808444103 0.7132034632034631
0 0.34804827990617665 0.7642864632484009 0.5394839718530102 0.3138528138528138
0 0.5263125488663017 0.6533557273176649 0.26583268178264263 0.5357142857142856
0 0.9090517494136043 0.4531392771012148 0.1806465011727913 0.6309523809523809
0 0.8148191946833464 0.3454552944172321 0.30023455824863177 0.6558441558441558
0 0.6889396012509773 0.4120137359756737 0.24237685691946836 0.7391774891774892
0 0.5876886239249413 0.4087669827289204 0.19468334636434712 0.7261904761904762
0 0.2890177873338546 0.6268405758025135 0.3182173573103987 0.5865800865800864
0 0.15062842064112586 0.6630959870579247 0.30101641907740423 0.5227272727272727
0 0.1787754104769351 0.5316024805644182 0.33072713057075837 0.5584415584415584
0 0.42115226739640343 0.4352821342440719 0.2978889757623143 0.6948051948051948
0 0.3105189601250977 0.350325424287362 0.22986708365910868 0.685064935064935
0 0.12756352619233774 0.3194812684432062 0.254886630179828 0.6363636363636364