0 0.3505434390771449 0.8298337841020768 0.5436193222782985 0.33658008658008665
0 0.151875 0.7157598499061913 0.30375 0.5647279549718575
0 0.7323026315789474 0.7811324854007781 0.3511175198269647 0.433982683982684
0 0.8556128334534967 0.609054563322856 0.28627433309300654 0.7781385281385281
0 0.8898594087959626 0.5305913598596526 0.217781182408075 0.7705627705627706
0 0.816296863734679 0.4369766412449339 0.3013698630136986 0.8409090909090908
0 0.6894042898341745 0.5143575936258863 0.2321557317952415 0.9675324675324676
0 0.5351144556596971 0.7118684161367088 0.2696467195385724 0.5725108225108226
0 0.32026225666906993 0.6804831347514274 0.3763518385003605 0.6352813852813853
0 0.1865203677000721 0.616089195357488 0.3453496755587599 0.7012987012987012
0 0.42083904109589043 0.5121930914613841 0.3093006488824802 0.8268398268398268
0 0.5790942682047584 0.5035350828033756 0.19899062725306416 0.8484848484848485
0 0.2979118601297765 0.465115169383462 0.22062004325883205 0.9123376623376622
0 0.12199260994953136 0.41641387068216335 0.24369142033165103 0.8322510822510821