0 0.9194196106705118 0.9045091087774014 0.15866077865897624 0.1872294372294373
0 0.7925045061283345 0.7941194983877911 0.13410237923576063 0.40800865800865804
0 0.9269673756308578 0.47593768020597293 0.13193943763518376 0.4707792207792208
0 0.9302343186733958 0.5576476369159296 0.13703136265320837 0.8528138528138527
0 0.7964698990627253 0.6788597581280508 0.12472963229992785 0.5476190476190477
0 0.7953884282624369 0.5235567278250205 0.12112472963229991 0.5811688311688312
0 0.8263905912040375 0.372041576309869 0.11247296322999276 0.6158008658008657
0 0.7348260634462869 0.34606755033584297 0.1254506128334535 0.44264069264069267
0 0.6162247656813266 0.49920607847437115 0.1304974765681326 0.5714285714285714
0 0.49978640951694303 0.4591627884310811 0.13410237923576063 0.5584415584415585
0 0.4810409156452775 0.3249636542319469 0.10670511896178801 0.5411255411255411
0 0.40930335255948086 0.45808053734883 0.10454217736121123 0.39393939393939387
0 0.4028145277577505 0.26543984470813736 0.13193943763518384 0.4199134199134199
0 0.3346818673395818 0.38286408713237974 0.1355443403028118 0.4253246753246752
0 0.2917835255948089 0.32658703085532353 0.12905551550108144 0.4945887445887446
0 0.05125 0.7682926829268293 0.1025 0.4596622889305816
0 0.15011085075702954 0.7373013165696092 0.1658255227108868 0.512987012987013
0 0.2726775414563807 0.6766952559635486 0.1514059120403749 0.5151515151515151
0 0.33936824080749817 0.5587298879981807 0.1463590483056957 0.5216450216450216
0 0.25068763518385 0.5473662516345443 0.12184571016582552 0.5941558441558441
0 0.1861598774333093 0.5863272905955833 0.19754866618601297 0.566017316017316
0 0.06359318673395817 0.5727991520674447 0.12689257390050468 0.5497835497835496
0 0.09820025234318672 0.5738814031496957 0.17303532804614274 0.6450216450216449