0 0.9287923576063446 0.6593792386475312 0.1399152847873107 0.5043290043290044
0 0.8044006849315067 0.5717169009851937 0.217015140591204 0.4437229437229438
0 0.6912067411679885 0.5354614897297825 0.12328767123287676 0.4621212121212121
0 0.563953677000721 0.7302666845349771 0.17159336697909156 0.5357142857142858
0 0.2719565609228551 0.83308053734883 0.2379235760634463 0.3300865800865801
0 0.4071404109589041 0.4916303208986135 0.14203316510454214 0.4199134199134199
0 0.5437662220620043 0.4055913598596525 0.10526315789473685 0.41233766233766234
0 0.428769826964672 0.34931430358259624 0.1117519826964672 0.4512987012987013
0 0.35775324441240086 0.2795091087774015 0.08363374188896902 0.3939393939393939
0 0.3098080389329488 0.30981213908043176 0.10165825522710886 0.367965367965368
0 0.23266312184571014 0.6133835676518604 0.14059120403749098 0.5422077922077922
0 0.19805605623648162 0.3287515330198257 0.2083633741888969 0.39935064935064934
0 0.09375 0.5722326454033771 0.1875 0.851782363977486