0 0.7427568493150685 0.8087298879981806 0.31290555155010813 0.37878787878787884
0 0.9028145277577505 0.6864355157038083 0.144196106705119 0.484848484848485
0 0.9363626532083634 0.41046148972978236 0.12477469358327326 0.40692640692640686
0 0.4298512977649604 0.8455264247947175 0.12833453496755587 0.3051948051948052
0 0.562151225666907 0.7432536975219901 0.1723143475126171 0.3409090909090909
0 0.7874576423936555 0.4824311866994794 0.22927180966113908 0.8235930735930735
0 0.640625 0.4080675422138837 0.11 0.8161350844277674
0 0.5906299567411679 0.5067818360501288 0.10237923576063444 0.4220779220779221
0 0.49077415284787307 0.6025610568293495 0.10021629416005766 0.40800865800865793
0 0.4615744412400865 0.3828640871323798 0.10526315789473685 0.45995670995670995
0 0.5383588680605623 0.33903291830121096 0.10742609949531363 0.46969696969696967
0 0.4248044340302812 0.3428207970890897 0.14852198990627252 0.4361471861471861
0 0.3465780461427541 0.36500694427523694 0.17087238644556596 0.3051948051948052
0 0.2687121485219899 0.38286408713237974 0.11463590483056958 0.41017316017316013
0 0.1951721341023792 0.44401127327956585 0.13770728190338857 0.3809523809523809
0 0.10360760634462869 0.4537515330198257 0.13338139870223503 0.3852813852813853
0 0.043125 0.4624765478424015 0.08625 0.3677298311444653
0 0.2146386085075703 0.3579723122406049 0.08723864455659697 0.42748917748917753
0 0.13821467195385723 0.359054563322856 0.10310021629416005 0.44264069264069267
0 0.0747683850036049 0.3536433079116006 0.1232876712328767 0.39935064935064934
0 0.32963500360490267 0.25353508280337544 0.08795962509012256 0.38311688311688313