0 0.8713870654619934 0.5269444025987254 0.21247641666174388 0.9423728770455398
0 0.7156214526921003 0.5241195438416633 0.23213614047362363 0.9480225945596641
0 0.5103284643277779 0.6936110800413731 0.21776939925714792 0.6090395221602445
0 0.4763019992994226 0.623554574245447 0.17240077921934074 0.7491525337520966
0 0.32053637210723357 0.6659274556013792 0.21776937041255612 0.6644067710402322
0 0.125625 0.5476635514018692 0.25125 0.9009345794392524
0 0.43509216366282943 0.5167749099957036 0.183742876539609 0.9627118622515835
0 0.3091942315200777 0.5060404488740636 0.16181475633934903 0.9841807844948635
0 0.51625 0.4355140186915888 0.17125 0.8710280373831776
0 0.04375 0.45607476635514016 0.0875 0.9102803738317757
0 0.9326346909751965 0.5376788637203653 0.13081287751801754 0.9209039548022598