0 0.9102776819316718 0.5841208434024392 0.17694463613665648 0.8278748180494905
0 0.7738203191354996 0.6528253624383005 0.33439548996529395 0.6904657799777679
0 0.5005306878130125 0.7849942169532318 0.30065603354542525 0.4261280709479053
0 0.888125 0.49902912621359224 0.22125 0.9980582524271845
0 0.7382064484700827 0.49911356316098515 0.23467674362625934 0.9978893785323986
0 0.5485157039395648 0.5852853311051435 0.30515467349680764 0.825545842644082
0 0.546875 0.3737864077669903 0.2425 0.7475728155339806
0 0.3408305998125586 0.45664633202129273 0.20018741854352154 0.9106259408476052
0 0.2561070816340353 0.6301179299732123 0.2706654056166531 0.7358806449079445
0 0.12875 0.5436893203883495 0.2575 0.9087378640776699
0 0.06791589567118309 0.46363323602676254 0.13570759423782364 0.8034934719924149
0 0.1775 0.3990291262135922 0.2125 0.7980582524271844