0 0.9586546581433543 0.39529897510064654 0.08019068371329155 0.4011299650547868
0 0.9522516564550597 0.2630955766493533 0.09299668708988051 0.414689252605546
0 0.8970904012274158 0.27891480293047083 0.11977408026571325 0.37401130374542063
0 0.8206309368471192 0.20772834932132758 0.09943500525982812 0.349152538062489
0 0.7859793188522539 0.347276387006571 0.1762711979350577 0.388700582213321
0 0.7539642529388828 0.2523611263036943 0.12730697947931374 0.37062148185773086
0 0.7076365578286841 0.5568809197117595 0.15668557951903841 0.559322077002229
0 0.5814595046106256 0.13315208460047548 0.06403013182674201 0.12994350282485875
0 0.5125329394439295 0.15857580263805382 0.06026365348399246 0.11977401560982744
0 0.44398304510026776 0.14727637838578622 0.05122412845015305 0.11073445465605139
0 0.68 0.075046904315197 0.06 0.150093808630394
0 0.605 0.07786116322701689 0.0475 0.15572232645403378
0 0.549375 0.06097560975609756 0.04875 0.12195121951219512
0 0.511875 0.08348968105065666 0.05625 0.1669793621013133
0 0.47486818475238346 0.0580108298090433 0.048210934281573685 0.1152542351329394
0 0.435 0.08067542213883677 0.05875 0.16135084427767354
0 0.3837193916162752 0.09755886318389433 0.05122412845015298 0.19209040625620696
0 0.33375 0.08818011257035648 0.06125 0.17636022514071295
0 0.27125 0.07410881801125703 0.065 0.14821763602251406
0 0.1225 0.08724202626641651 0.08 0.17448405253283303
0 0.021875 0.09380863039399624 0.04375 0.18761726078799248
0 0.033125 0.29831144465290804 0.06625 0.3452157598499062
0 0.0974670375673111 0.36140068079188176 0.10546139359698682 0.3491525596144509
0 0.21611111973189587 0.1992537838261221 0.09265536148444856 0.33446330269851254
0 0.28918079096045196 0.26140066570550835 0.08964219605181846 0.37062148185773086
0 0.3663935969868173 0.27665490730403636 0.10094163108006708 0.4485875576902918
0 0.6375800376647834 0.29699389251008 0.15367232787856053 0.35593220338983056
0 0.49294726355601154 0.4851294814200266 0.179284392103637 0.48587566311076547
0 0.5219491640367526 0.6732650703299732 0.20263654633430442 0.6180790615620586
0 0.3091431233034296 0.6297622627127857 0.15065910497403187 0.5536723163841808
0 0.18221280027917552 0.40885831653131055 0.13483993616481288 0.437288187317929