0 0.8802870540028996 0.7045958510309562 0.21143390401681117 0.44401293510757994
0 0.757325439453125 0.6903563638921896 0.14545455689506212 0.5113268608414241
0 0.691346092331376 0.6767641407587196 0.20393630423720133 0.4815534573156857
0 0.765572907895604 0.4346929211261789 0.14995319684644443 0.621359247991568
0 0.7097153290567157 0.45864114612902324 0.1462042539501816 0.5734627979858794
0 0.7153386003946519 0.34796151966417943 0.1484536311284559 0.6161812347115823
0 0.6186187852825534 0.5816184800620418 0.13195875144608138 0.4595469255663431
0 0.6261164422647464 0.3382527818001018 0.11546392896628987 0.5734627486046849
0 0.5575128980384548 0.3499032622988756 0.13870665417057168 0.46472491415573175
0 0.5144013703908447 0.5770877307873529 0.15445177959524373 0.40388350502187004
0 0.44692245755110704 0.6922981312174827 0.15295215667467196 0.4116505249418488
0 0.3925644444302074 0.5848547507073316 0.14020616268597708 0.41165047556065437
0 0.46754101425213807 0.3356637998507061 0.10571700921098874 0.513915892172014
0 0.3951886415347499 0.3861492441510892 0.130459242930676 0.5087379035826255
0 0.3595747708693328 0.30394859196377877 0.15820055088375704 0.4996764050332475
0 0.3067162519631927 0.3628482461176459 0.14845360252716436 0.47766989797450193
0 0.23886247629524957 0.5622010290244837 0.1971884015127109 0.41553401021124087
0 0.12377343160813395 0.6029777478060877 0.2174320381829531 0.3961165344830856
0 0.11627578177626377 0.4223951889674069 0.1544517509939521 0.5035598903026396
0 0.10240511349907744 0.3317802898907167 0.15370196813495782 0.5579288075271163
0 0.1766319147626596 0.3660845167629356 0.14470477403606785 0.5618123421777028