0 0.21682287843435405 0.7490058456217523 0.12962606106371344 0.4305084573347015
0 0.29199065781736877 0.6563504913212911 0.12502396346738676 0.3875706128481417
0 0.3794307608526711 0.5659550110953024 0.15417064984944273 0.44406778798938473
0 0.4262188311071204 0.5224521603741911 0.11121764141898367 0.34350279899640274
0 0.4553655467485993 0.46369513271043755 0.08974110794433124 0.32768365892313295
0 0.4898813664993183 0.4168024601016363 0.08974110794433124 0.30395477639753266
0 0.5412715636095173 0.35917533714717614 0.08053691275167786 0.28813559322033905
0 0.5830740622706061 0.3122826860903369 0.0797699062387644 0.266666692529021
0 0.5964969103219754 0.2851640247809707 0.07440074361067836 0.25762711002328303
0 0.6317797365856079 0.2365764735562675 0.07593475663650523 0.23728815714518228
0 0.6636110042817068 0.20041827284508726 0.04602109300095876 0.22146893086406472
0 0.689689606093263 0.1761244918447452 0.06442954190511145 0.2112994652009953
0 0.7238219225875255 0.14561600864768925 0.06059439230285236 0.19096044766700876