0 0.7175308499267539 0.8336940719292817 0.4206896551724138 0.33107339460297486
0 0.43891014974827863 0.8692873095098346 0.4179309713429418 0.25536721439684856
0 0.12112676056338029 0.8580769230769231 0.24225352112676057 0.2823076923076923
0 0.32097915209707983 0.7455584657777656 0.4910345143285292 0.5073446069060072
0 0.6678756985595664 0.6941460234680573 0.43448275862068964 0.6101694915254238
0 0.6154618633629069 0.5704172336158935 0.3820689234240302 0.7514124509304931
0 0.8140825740646849 0.40940028446335114 0.2441378889412715 0.6531074006678694
0 0.6327032952897658 0.35911776841489823 0.2951724348397091 0.7062146677135749
0 0.4113239428517269 0.3986658071777397 0.299310407967403 0.7355932354253565
0 0.1933928925840141 0.48793133420252066 0.38482755463698815 0.6949152542372882
0 0.12856534847032874 0.3981008386591216 0.25517246640961744 0.5898305170953612
0 0.26442742269749736 0.32521946333015245 0.2896551724137931 0.6384180575440832