0 0.7880508862511586 0.8480508560784119 0.30762714450642215 0.3005649545098429
0 0.8507627312611724 0.5887288351112839 0.2906779273081634 0.306214715127891
0 0.491864406779661 0.8350564885543564 0.34745762711864403 0.32655368955795383
0 0.29483052463854775 0.8294067710402321 0.2618644520387811 0.3378531245862024
0 0.134375 0.785 0.26875 0.2966666666666667
0 0.33677966748253774 0.5118926639880164 0.2932203260518737 0.3491525596144509
0 0.6033050976769398 0.5655649803721972 0.33813554149563024 0.3005649545098429
0 0.14125 0.515 0.2825 0.31333333333333335
0 0.9232733050847457 0.2785593349650754 0.15095338983050852 0.4474576529809984
0 0.8266631549899861 0.32206215335824395 0.34417369002002784 0.38983053002653817
0 0.5778813688633805 0.3254519752459337 0.3364406521037474 0.33559320740780585
0 0.34313559968592755 0.28985876999332405 0.3483050718145856 0.34124294647389214
0 0.121875 0.22583333333333333 0.24375 0.4083333333333333
0 0.778125 0.14583333333333334 0.2425 0.2916666666666667
0 0.546875 0.16166666666666665 0.24625 0.3233333333333333
0 0.36686440677966103 0.15935028787386615 0.23474573684951003 0.31525424375372413
0 0.1651694979910123 0.16330508366816462 0.31440676672983975 0.3254237309687555