0 0.8946245263166123 0.87947975959551 0.20825094736677557 0.23728813559322032
0 0.7682768821357109 0.8721351526895026 0.2613936314699564 0.25197734940523475
0 0.5746798320992967 0.812248112556646 0.2222222222222222 0.3717514296709481
0 0.205 0.8724202626641651 0.41 0.25140712945590993
0 0.8953778104907824 0.6258074776944682 0.20674437901843518 0.37627122092381715
0 0.7859792901163047 0.5280673259065866 0.31035779245380174 0.5446327769823668
0 0.5863559379505796 0.4354119931580872 0.21996231222781304 0.5197740544033591
0 0.28390771553341276 0.5467114109447663 0.35932201090954563 0.35593224649375443
0 0.844375 0.22889305816135083 0.30875 0.45778611632270166
0 0.7 0.1801125703564728 0.21125 0.3602251407129456
0 0.4100847543834966 0.2879543477202754 0.2832391886163342 0.5186440958141607
0 0.13625 0.325515947467167 0.2725 0.45590994371482174
0 0.21875 0.16604127579737335 0.3225 0.3320825515947467