0 0.5189359698681733 0.7286323192099607 0.2508474231439795 0.25197743561308256
0 0.3494444300764698 0.842756595753702 0.18305084171043723 0.31073446327683607
0 0.1942655338495689 0.8907791946237585 0.17401131667659783 0.21468926553672316
0 0.1225 0.8527204502814258 0.245 0.29080675422138835
0 0.22665724185002503 0.6275023670863512 0.3005649545098429 0.2892655194815943
0 0.3543408634164239 0.4455814803731185 0.18079093171602817 0.34350284210032667
0 0.48428438060925727 0.2636605613319429 0.2644067681666373 0.34802261180123367
0 0.16564030419186235 0.386824409605441 0.2598870343856668 0.3005649545098429
0 0.26375 0.2045028142589118 0.17875 0.4090056285178236
0 0.171875 0.15572232645403378 0.23625 0.31144465290806755
0 0.093125 0.27298311444652906 0.18625 0.43902439024390244
0 0.08875 0.10600375234521577 0.1775 0.20825515947467166