0 0.8308474899550614 0.8356214947889081 0.32372885235285354 0.23276834434035143
0 0.868559296171544 0.6508757277666513 0.14830508474576276 0.4305085004386256
0 0.7617796804137149 0.6729096346925209 0.08728809679968876 0.39774012161513506
0 0.8236441130557303 0.5892937982419116 0.10084747055829581 0.42033899167163224
0 0.673220351914228 0.5943785310734463 0.16440672793630826 0.5728813214490642
0 0.5528813947257349 0.6152824901860986 0.17796610169491522 0.5423728382520083
0 0.4227966295662573 0.5983333376437256 0.18898301205392612 0.5175141156730004
0 0.3083898337412689 0.577994363213663 0.17372878123137914 0.5084746193751103
0 0.09483050524178198 0.6700847759354586 0.12457627765202925 0.33333337643725724
0 0.16898306377863478 0.3678248673778469 0.20338983050847456 0.0903954802259887
0 0.14125 0.5425 0.2825 0.4683333333333333
0 0.615169517387778 0.30398306377863477 0.21779658430713716 0.12768360719842425
0 0.7456780048952263 0.5294068012129788 0.10932211148536808 0.39322033036226606