0 0.9175235828108432 0.9128166149814779 0.16245283437831348 0.17062145168498413
0 0.9382587383245096 0.8082968409701785 0.12098252335098081 0.37966099970758294
0 0.7612735684293267 0.8438900785507312 0.2465598261884425 0.3084745245464777
0 0.5595770557054813 0.9066019343367261 0.2277096848123822 0.18305081297448794
0 0.035625 0.7883895131086143 0.07125 0.41947565543071164
0 0.13356384622500148 0.8235510610167446 0.16738926117202227 0.34915255961445085
0 0.10375 0.7378277153558053 0.2075 0.5205992509363296
0 0.2945440708343765 0.8049070190824887 0.18774744837380716 0.38644064348296253
0 0.45401626399954353 0.7478448592586562 0.17643727725907163 0.5005649631306277
0 0.6153734856838331 0.7992573015683644 0.2277096848123822 0.3977400785112112
0 0.831773114433612 0.705471977902724 0.22318566238734092 0.5853107258424921
0 0.716787223276611 0.7111216954168483 0.16211121583411875 0.5740112908142434
0 0.5772962058567979 0.6738335684444128 0.18925540791043233 0.6485875447591146
0 0.40990694468477556 0.6512347199398775 0.19076345373615688 0.6757062491724046
0 0.2971830791218117 0.7156414651177554 0.1779453518478293 0.5649717514124294
0 0.034375 0.6573033707865169 0.06875 0.6816479400749064
0 0.1150907163053723 0.4574494027398256 0.1440150686078876 0.7016949626685536
0 0.2670228529201152 0.5060369647405097 0.16437322704663943 0.6745763013591873
0 0.4464762074491193 0.5794832600961827 0.19302549371171068 0.6135593134131136
0 0.7175412749525064 0.5789182969655551 0.21941569163819508 0.6824858498438604
0 0.9098126594622555 0.6037770626484867 0.1756833406353087 0.7661016862944694
0 0.824233057883188 0.4597092552623362 0.16437331333573865 0.6384180575440832
0 0.8706044459365426 0.3478448474050771 0.16965127238454286 0.6926553478348726
0 0.67875 0.33707865168539325 0.1625 0.6741573033707865
0 0.556875 0.3202247191011236 0.1625 0.6404494382022472
0 0.4083989276220841 0.3116866736338493 0.15758719340907754 0.5570621598238326
0 0.25375 0.37546816479400746 0.1675 0.7509363295880149
0 0.121875 0.3389513108614232 0.1725 0.6779026217228464