0 0.582212817520745 0.8094232537995839 0.1047081094228166 0.37740114718507234
0 0.4620621526398452 0.7986888250058869 0.19284373712629466 0.39887000477246637
0 0.064375 0.8348968105065666 0.12875 0.32645403377110693
0 0.16225046793619793 0.8297622713335705 0.10094160234411782 0.33672311211709915
0 0.19162901050402392 0.8049035056506388 0.12203390405227457 0.3706215034096927
0 0.28805083596324743 0.7828695987247694 0.1024481994284075 0.36497169968772075
0 0.3547175198714836 0.7676153786782032 0.10621473524305554 0.37740114718507245
0 0.35886062593334367 0.7732650961923275 0.2621468869081774 0.36384185963431326
0 0.9236263980614038 0.48173965953233683 0.1502472038771923 0.38870053910939717
0 0.7972787251445532 0.4800447485884919 0.1566855220471399 0.3785310734463277
0 0.6722316556596488 0.4698752613734606 0.1355932203389831 0.371751472774872
0 0.5554707982984639 0.48173965953233683 0.1310734578220633 0.38870053910939717
0 0.42929377381635475 0.49360405769121307 0.13634650451315322 0.3762711778198932