0 0.05791901496844104 0.5444515153183318 0.10922787193973635 0.22711866993015095
0 0.1475611966522849 0.5416266565612696 0.05499057805695328 0.20112993488204012
0 0.1886158163354446 0.5382368346735797 0.05423729388278307 0.1966101436291711
0 0.23155367518997913 0.539366804038759 0.04821090554562442 0.1988700823595295
0 0.271854996330994 0.5246775255708587 0.04745765010740349 0.21694920426708156
0 0.31592278144678376 0.5184628018221829 0.054237265146833774 0.22711862682622705
0 0.3483145181831891 0.5388017978042074 0.043691171764653945 0.20903950491867504
0 0.3867325857848546 0.5501012543844179 0.04519774011299432 0.19096046921897067
0 0.4255273242095545 0.5438865521877041 0.041431261770244844 0.19435029110666052
0 0.532871956977916 0.5032085709996357 0.1958568738229755 0.6395480269092625
0 0.7953954572372293 0.5116831580468032 0.23427494142464098 0.6429378703489143