0 0.8855241682360326 0.9062335130364656 0.22598870056497178 0.18531075170484643
0 0.6354300292662233 0.9350471068416386 0.3525422809263182 0.12768356409450032
0 0.17742623979912114 0.8802448210922788 0.3495291442296375 0.23728813559322032
0 0.4915505680675709 0.8000188496332834 0.36610162594897594 0.32768361581920913
0 0.7853358788020343 0.7158380500520466 0.3962334526909722 0.32881354208046437
0 0.89833022908452 0.4288323830929629 0.20037657886799665 0.2655367231638418
0 0.6881607260647168 0.5378719483571313 0.3555556475105933 0.36610171215682386
0 0.39211550533584427 0.6299623610789268 0.3721280142861346 0.4169491697839425
0 0.1525674884841641 0.7107533172205118 0.2937852532625647 0.3796610428115068
0 0.1 0.5055555555555555 0.2 0.35555555555555557
0 0.29268050007601615 0.4582109615807254 0.32693027417314025 0.41920906541037684
0 0.5638669407539824 0.4305273263647507 0.29679844743114403 0.4881356233930857
0 0.7951287454819423 0.3542561399240727 0.307344655757121 0.4214689394848494
0 0.8953170349159407 0.2017137562667358 0.2064029672051553 0.39435029972744523
0 0.7107595961212139 0.21188325425774812 0.289265490745645 0.41242940008303536
0 0.47799128051681183 0.2813747753710845 0.3239171374764595 0.44293788328009137
0 0.21283111323220733 0.2926742103993331 0.2937853107344633 0.35480225557661327
0 0.14428127636044413 0.22318268928599672 0.25310739061028725 0.4463277051677812
0 0.3592592592592593 0.20277777777777778 0.2814814814814815 0.40555555555555556