0 0.9428354605981859 0.6190277908151648 0.11182907880362819 0.7016948980126678
0 0.8790112936878384 0.5467114217207472 0.22975517890772124 0.6497175356762557
0 0.7532109112928143 0.44671141741035475 0.1679848996034899 0.7141243239580575
0 0.6522693089486964 0.5800447528988844 0.17250466212040963 0.6146893258822166
0 0.6277871997208245 0.44106171067221145 0.18079096045197743 0.598870099601099
0 0.550197751607374 0.4263724214283301 0.20640302467705382 0.5310734678796456
0 0.3682768217902174 0.543886562963685 0.2282485818234316 0.6757062707243666
0 0.21422788056052114 0.5229825822990708 0.17928436336768772 0.5887005692821438
0 0.4115913370998116 0.4026436035586157 0.15969871621571913 0.6259886962545793
0 0.2545291873335614 0.3817396659979254 0.18154427336209686 0.5728813861049502
0 0.1381450151633857 0.37383004208138565 0.1386064145075624 0.4689265536723164
0 0.049375 0.3724202626641651 0.09875 0.549718574108818