0 0.02625 0.7120075046904315 0.0525 0.4821763602251407
0 0.09219397650824654 0.6235475605160719 0.11450094736677555 0.5457627032436222
0 0.03875 0.5872420262664165 0.0775 0.5290806754221389
0 0.2025517890772128 0.5388017870282265 0.13333331034457388 0.8079095829678121
0 0.38522598870056496 0.7003837316393394 0.12203393278822382 0.4011299435028249
0 0.5008568623285957 0.5975588685718848 0.14237289285031188 0.5706215120304775
0 0.9424587897751516 0.46987525059747964 0.11258242044969691 0.6587570750780699
0 0.8571657078055114 0.49360405769121296 0.10018834690589686 0.6361581834696107
0 0.7645103750570121 0.49416902082184067 0.11676082862523543 0.6711864148156118
0 0.7185593220338983 0.417332892802497 0.10922781446783773 0.7367232155665165
0 0.5848493408662899 0.4591408002518206 0.10395476777674788 0.6327683831338828
0 0.49332390564309675 0.47326509403713135 0.10621467777115705 0.6135593780689994
0 0.42138417504377057 0.4619656266809398 0.11299435028248589 0.7242937680691649
0 0.35132768361581923 0.46931028746685194 0.10998115611390652 0.7254237589863062
0 0.29558382138469574 0.4777848529620574 0.11148778193414546 0.7107344805184058