0 0.9533816114522642 0.768180363360793 0.09073677709547141 0.38531076032563133
0 0.8496328085919109 0.7687453264914206 0.10470805195091813 0.38418083406437603
0 0.7370151003965103 0.7619656396121169 0.08587571770906904 0.3728813128282796
0 0.6515160247745263 0.7614006764814893 0.09416195856873827 0.3672316815220029
0 0.5731732637509563 0.7698752312007138 0.09416195856873827 0.37966099970758294
0 0.4906873822975518 0.7687453264914206 0.0843691493607286 0.38418083406437603
0 0.4127212920970162 0.7721351483791105 0.09717515273731755 0.3774011902889964
0 0.3336252468992761 0.7670503939956137 0.10018828943399835 0.37853111655025157
0 0.2579190235892258 0.7681803202568689 0.09943503399577742 0.38079096907276216
0 0.177316381307196 0.7710051790139312 0.0994350339957774 0.37514125155863787
0 0.08955743879472693 0.7681803202568689 0.09717515273731755 0.3830508215952727
0 0.9514983722808895 0.30433853174403014 0.09450325543822088 0.44067798765365684
0 0.8978437428734846 0.3003837143977698 0.08813557023157954 0.43050845733470167
0 0.8496328085919109 0.30659840581850273 0.10470805195091813 0.42711865699897383
0 0.8051883526530869 0.2981238295473163 0.08210929683821803 0.43954801828847767
0 0.7309887120593515 0.3071633905010923 0.10546145106888531 0.4531073489431607
0 0.6865442561205274 0.29981875126714214 0.09340867439456801 0.42259888729806666
0 0.631553678063574 0.30320857315483196 0.10696796194532716 0.44067796610169496
0 0.5392749586662106 0.31055321238878214 0.09868177855755647 0.44632770516778125
0 0.4598022713813853 0.30772835363172 0.10696801941722577 0.4429378401761675
0 0.3656402840766978 0.3099882384821735 0.10546139359698678 0.4429378617281294
0 0.27788135593220337 0.3026436100242043 0.106214677771157 0.45084747486868826
0 0.19614877302094366 0.3037735470614406 0.10395479651269715 0.4463276620638573
0 0.12307910179238758 0.30377355783742155 0.10546139359698682 0.44858757924225373
0 0.04059321315499572 0.30829333831430955 0.08060262791405513 0.4440678095413466