0 0.0975 0.5909943714821764 0.195 0.6153846153846154
0 0.27484048305695746 0.610136814405107 0.1802451333813987 0.7045454545454545
0 0.451841204037491 0.6442277234960161 0.1881759192501802 0.6450216450216449
0 0.6082939798125451 0.5906562949245876 0.1607786589762077 0.6352813852813853
0 0.1584021268925739 0.48297231224060483 0.22999279019466473 0.6255411255411255
0 0.33179794520547945 0.4169549962232889 0.16726748377793796 0.6818181818181818
0 0.227616258111031 0.3650069442752369 0.2227829848594088 0.6753246753246753
0 0.4795989545782264 0.45050477977307246 0.1586157173756309 0.7012987012987012
0 0.4111058038932949 0.31684677111506376 0.2220620043258832 0.5681818181818181
0 0.5935138788752703 0.4039679832362759 0.1557317952415285 0.6926406926406926
0 0.6930091925018025 0.4661974204657131 0.16294160057678447 0.6915584415584417
0 0.7301396899783705 0.34931430358259624 0.27469358327325155 0.5097402597402597
0 0.696875 0.22607879924953095 0.14 0.4521575984990619
0 0.63625 0.1772983114446529 0.1175 0.3545966228893058
0 0.771875 0.15853658536585366 0.14875 0.3170731707317073