0 0.6613257391415115 0.7012148268398269 0.2932330827067669 0.4296536796536797
0 0.6936565662091806 0.1958035714285714 0.2015037593984962 0.2846320346320346
0 0.6229798744798573 0.20067370129870135 0.21052631578947364 0.26839826839826847
0 0.5410249872618123 0.19959145021645022 0.21203007518796993 0.264069264069264
0 0.47636333312647383 0.19905032467532469 0.21203007518796987 0.275974025974026
0 0.4011753632016618 0.20554383116883115 0.20601503759398493 0.2543290043290043
0 0.3304986714723385 0.20283820346320347 0.18496240601503758 0.2316017316017316
0 0.8019113814074718 0.2275 0.2528236316246742 0.455
0 0.3929046865099325 0.49829274891774894 0.15338345864661648 0.22077922077922082
0 0.4485437842542934 0.4945048701298701 0.16541353383458646 0.2283549783549784
0 0.5101979195926393 0.4809767316017316 0.1714285714285714 0.19913419913419916