0 0.9552674879393521 0.5161103698351843 0.08821502412129562 0.8716356107660456
0 0.8966871984838043 0.5098991897109607 0.08959338387319093 0.8385093167701864
0 0.8484446071674708 0.5223215499594079 0.10751206064782906 0.8509316770186336
0 0.8095059441764301 0.5036880095867371 0.07925568573397655 0.8385093167701864
0 0.733006977946244 0.5223215499594079 0.10130944176430048 0.8592132505175983
0 0.6802847174362509 0.5150751731478136 0.07167470709855266 0.8157349896480331
0 0.6313529462439698 0.5254271400215196 0.09786354238456234 0.8695652173913043
0 0.5421041523087528 0.5202511565846667 0.10820124052377672 0.8550724637681159
0 0.4628484665747761 0.5223215499594078 0.10682288077188147 0.8757763975155279
0 0.369809183321847 0.5326735168331139 0.10820124052377672 0.8550724637681159
0 0.2819387491385252 0.5202511565846667 0.1047553411440386 0.8716356107660457
0 0.20233847346657477 0.5243919433341491 0.11509303928325292 0.8799171842650104
0 0.11860311853893866 0.5202511565846667 0.10199862164024812 0.8674948240165631
0 0.046875 0.5131332082551595 0.09375 0.8611632270168855