0 0.9425176602343212 0.8773657024793389 0.0957960027567195 0.24276859504132234
0 0.8167423328738801 0.8091838842975208 0.0937284631288766 0.37913223140495866
0 0.6923453652653343 0.8780544077134986 0.08752584424534803 0.2413911845730027
0 0.5693267574086838 0.8071177685950414 0.08683666436940043 0.38326446280991733
0 0.4452743797381117 0.8773657024793389 0.09235010337698142 0.24276859504132234
0 0.3170869228118539 0.8078064738292011 0.09097174362508614 0.38188705234159775
0 0.1933791350792557 0.8746108815426997 0.0889042039972433 0.24827823691460055
0 0.06588085802894557 0.8071177685950414 0.09028256374913854 0.38326446280991733
0 0.9432068401102689 0.49427341597796143 0.09303928325292901 0.4655647382920111
0 0.8198436423156445 0.3434469696969697 0.09028256374913851 0.4669421487603306
0 0.6964804445210201 0.49014118457300276 0.09166092350103383 0.46005509641873277
0 0.5682929875947623 0.348956611570248 0.09166092350103376 0.45867768595041325
0 0.44320684011026884 0.48945247933884295 0.08821502412129568 0.4669421487603306
0 0.19268995520330812 0.48945247933884295 0.09028256374913855 0.4669421487603306
0 0.31949905237767057 0.3496453168044077 0.09166092350103376 0.4600550964187328
0 0.451875 0.11375 0.07375 0.2275
0 0.5740625 0.040625 0.075625 0.08125
0 0.7015625 0.111875 0.075625 0.22375
0 0.826875 0.04125 0.0725 0.0825
0 0.9515625 0.114375 0.07375 0.22875
0 0.3259375 0.040625 0.073125 0.08125
0 0.2009375 0.113125 0.07625 0.22625
0 0.076875 0.040625 0.075 0.08125
0 0.06967134734665749 0.34757920110192836 0.09097174362508617 0.46969696969696967