0 0.9114662941600576 0.556024260292553 0.10237923576063451 0.3106060606060606
0 0.7615023431867339 0.536002615270908 0.10237923576063451 0.30952380952380953
0 0.7196854722422494 0.4910891953574881 0.09372746935832738 0.3863636363636363
0 0.6731822278298486 0.6382753425436352 0.10454217736121123 0.3647186147186147
0 0.6757056596971881 0.5549420092103018 0.07498197548666184 0.3603896103896103
0 0.6158642754145638 0.6658727451410378 0.08507570295602015 0.36147186147186144
0 0.5657561283345349 0.6085134377817304 0.08291276135544337 0.3744588744588745
0 0.6086544700793078 0.5798337841020768 0.07642393655371307 0.35389610389610393
0 0.624155551550108 0.5614355157038083 0.07426099495313622 0.3798701298701298
0 0.5217763157894737 0.6393575936258863 0.09300648882480175 0.3777056277056277
0 0.4424684571016583 0.6523446066128993 0.09444844989185291 0.39935064935064934
0 0.3458570656092285 0.6712840005522932 0.12328767123287672 0.38311688311688313
0 0.2766429343907714 0.6139246931929858 0.09300648882480171 0.3593073593073593
0 0.2070683129055515 0.6258294550977478 0.10526315789473681 0.3636363636363637
0 0.10288662581110311 0.6041844334527261 0.1276135544340303 0.3506493506493506
0 0.4648188536409517 0.5186865979548907 0.08868060562364817 0.380952380952381